Linux 7.0.0-34-generic ($NOX_LASTRO_HOST) 	10/03/26 	_x86_64_	(8 CPU)

00:00:01        CPU     %user     %nice   %system   %iowait    %steal     %idle
00:10:35        all      0.03      0.00      0.04      0.00      0.22     99.71
00:20:01        all      0.03      0.00      0.03      0.00      0.11     99.83
00:30:22        all      0.03      0.00      0.03      0.00      0.12     99.82
00:40:08        all      0.03      0.00      0.03      0.00      0.15     99.79
00:50:04        all      0.03      0.00      0.04      0.00      0.21     99.72
01:00:01        all      0.03      0.00      0.03      0.00      0.16     99.78
01:10:21        all      0.03      0.00      0.03      0.01      0.26     99.67
01:20:35        all      0.03      0.00      0.03      0.00      0.13     99.81
01:30:17        all      0.03      0.00      0.04      0.00      0.11     99.83
01:40:35        all      0.03      0.00      0.04      0.00      0.17     99.75
01:50:03        all      0.03      0.00      0.03      0.00      0.11     99.83
02:00:01        all      0.03      0.00      0.03      0.00      0.12     99.81
02:10:35        all      0.03      0.00      0.03      0.00      0.11     99.83
02:20:13        all      0.03      0.00      0.03      0.00      0.07     99.88
02:30:21        all      0.03      0.00      0.03      0.00      0.06     99.88
02:40:35        all      0.03      0.00      0.03      0.00      0.08     99.87
02:50:35        all      0.03      0.00      0.03      0.00      0.07     99.88
03:00:01        all      0.03      0.00      0.03      0.00      0.08     99.86
03:10:35        all      0.03      0.00      0.03      0.00      0.14     99.80
03:20:35        all      0.03      0.00      0.04      0.00      0.19     99.73
03:30:09        all      0.03      0.00      0.04      0.00      0.16     99.76
03:40:35        all      0.03      0.00      0.05      0.00      0.18     99.73
03:50:35        all      0.03      0.00      0.04      0.00      0.12     99.81
04:00:25        all      0.03      0.00      0.03      0.00      0.09     99.84
04:10:09        all      0.03      0.00      0.03      0.00      0.10     99.83
04:20:27        all      0.03      0.00      0.03      0.00      0.07     99.88
04:30:31        all      2.44      0.00      0.23      0.00      0.13     97.20
04:40:27        all      0.03      0.00      0.03      0.00      0.15     99.78
04:50:35        all      0.02      0.00      0.03      0.00      0.10     99.85
05:00:01        all      0.03      0.00      0.03      0.00      0.06     99.88
05:10:13        all      0.03      0.00      0.03      0.00      0.10     99.83
05:20:07        all      0.03      0.00      0.03      0.00      0.07     99.86
05:30:24        all      0.03      0.00      0.03      0.00      0.08     99.86
05:40:31        all      0.03      0.00      0.03      0.00      0.10     99.84
05:50:35        all      0.03      0.00      0.03      0.00      0.06     99.88
06:00:01        all      0.03      0.00      0.03      0.00      0.08     99.86
06:10:35        all      0.03      0.00      0.04      0.00      0.21     99.71
06:20:05        all      0.05      0.07      0.06      0.00      0.20     99.62
06:30:31        all      0.03      0.00      0.04      0.00      0.22     99.71
06:40:35        all      0.03      0.00      0.04      0.00      0.19     99.74
06:50:35        all      0.03      0.00      0.04      0.00      0.14     99.79
07:00:05        all      0.03      0.00      0.04      0.00      0.24     99.68
07:10:03        all      0.03      0.00      0.04      0.01      0.27     99.66
07:20:35        all      0.04      0.00      0.05      0.00      0.29     99.61
07:30:21        all      0.03      0.00      0.04      0.00      0.24     99.69
07:40:23        all      0.03      0.00      0.04      0.00      0.20     99.73
07:50:07        all      0.03      0.00      0.05      0.00      0.16     99.76
08:00:01        all      0.03      0.00      0.03      0.00      0.10     99.84
08:10:35        all      0.03      0.00      0.03      0.00      0.17     99.77
08:20:24        all      0.03      0.00      0.03      0.00      0.14     99.79
08:30:24        all      0.03      0.00      0.03      0.00      0.11     99.82
08:40:35        all      0.03      0.00      0.03      0.00      0.17     99.77
08:50:35        all      0.03      0.00      0.03      0.00      0.19     99.74
09:00:01        all      0.03      0.00      0.04      0.00      0.20     99.73
09:10:35        all      0.03      0.00      0.03      0.00      0.14     99.80
09:20:31        all      0.03      0.00      0.03      0.00      0.10     99.84
09:30:13        all      0.03      0.00      0.04      0.00      0.11     99.81
09:40:05        all      0.12      0.11      0.18      0.01      0.20     99.39
09:50:35        all      0.06      0.00      0.24      0.00      0.20     99.49
10:00:01        all      0.03      0.00      0.04      0.00      0.20     99.73
10:10:21        all      0.13      0.00      0.58      0.01      0.67     98.60
10:20:06        all      0.20     39.48      1.09      0.01      2.37     56.85
10:30:11        all      0.03     46.35      0.20      0.01      4.01     49.41
10:40:34        all      0.03     47.09      0.16      0.01      3.30     49.42
10:50:36        all      0.03     47.73      0.17      0.01      2.59     49.47
11:00:01        all      0.03     48.41      0.15      0.00      1.85     49.56
11:10:34        all      0.03     47.18      0.11      0.01      3.25     49.43
11:20:31        all      0.03     48.30      0.12      0.00      2.01     49.54
11:30:18        all      0.03     48.53      0.15      0.00      1.73     49.56
11:40:35        all      0.03     48.02      0.11      0.00      2.38     49.47
11:50:02        all      0.03     48.43      0.11      0.00      1.91     49.51
12:00:02        all      0.03     48.59      0.11      0.00      1.72     49.55
12:10:35        all      0.03     47.50      0.10      0.00      2.92     49.45
12:20:28        all      0.04     48.17      0.12      0.00      2.18     49.49
12:30:31        all      0.03     48.40      0.11      0.00      1.91     49.55
12:40:35        all      0.03     48.22      0.09      0.00      2.14     49.52
12:50:35        all      0.03     48.53      0.13      0.00      1.75     49.56
13:00:01        all      0.03     48.54      0.10      0.00      1.82     49.51
13:10:35        all      0.03     48.08      0.10      0.00      2.31     49.48
13:20:28        all      0.03     48.32      0.14      0.00      2.01     49.51
13:30:22        all      0.03     48.14      0.13      0.00      2.21     49.48
13:40:05        all      0.03     47.91      0.11      0.00      2.51     49.44
13:50:22        all      0.03     47.94      0.17      0.00      2.40     49.46
14:00:01        all      0.03     47.51      0.14      0.01      2.88     49.44
14:10:27        all      0.03     46.77      0.11      0.01      3.59     49.48
14:20:36        all      0.03     47.82      0.13      0.01      2.42     49.60
14:30:31        all      0.03     47.71      0.13      0.01      2.57     49.56
14:40:36        all      0.03     45.45      0.14      0.01      5.01     49.37
14:50:35        all      0.03     47.06      0.15      0.00      3.26     49.50
15:00:02        all      0.03     47.57      0.19      0.03      2.80     49.39
15:10:27        all      0.03     46.42      0.12      0.01      4.03     49.40
15:20:35        all      0.03     45.58      0.20      0.01      4.85     49.33
15:30:13        all      0.03     47.02      0.17      0.01      3.36     49.42
15:40:15        all      0.03     46.43      0.10      0.01      4.08     49.35
15:50:07        all      0.03     47.33      0.11      0.01      3.13     49.40
16:00:01        all      0.03     47.38      0.14      0.01      3.06     49.38
16:10:34        all      0.03     46.29      0.15      0.01      4.15     49.38
16:20:35        all      0.03     47.76      0.16      0.00      2.51     49.54
16:30:22        all      0.03     48.35      0.16      0.00      1.86     49.59
16:40:35        all      0.03     47.57      0.17      0.00      2.69     49.53
16:50:28        all      0.03     47.75      0.16      0.01      2.54     49.52
17:00:02        all      0.03     47.34      0.18      0.01      2.98     49.46
17:10:35        all      0.03     45.78      0.14      0.01      4.65     49.39
17:20:07        all      0.03     46.26      0.18      0.01      4.10     49.42
17:30:01        all      0.03     44.42      0.21      0.01      6.03     49.30
17:40:27        all      0.03     45.61      0.16      0.01      4.83     49.37
17:50:35        all      0.03     46.30      0.17      0.01      4.12     49.38
18:00:01        all      0.03     47.32      0.24      0.01      2.99     49.41
18:10:36        all      0.03     45.30      0.21      0.01      5.17     49.28
18:20:35        all      0.03     45.79      0.18      0.01      4.66     49.33
18:30:01        all      0.03     46.70      0.21      0.01      3.71     49.35
18:40:04        all      0.03     45.79      0.21      0.01      4.66     49.31
18:50:21        all      0.03     46.82      0.20      0.01      3.57     49.37
19:00:02        all      0.03     47.48      0.15      0.00      2.92     49.41
19:10:14        all      0.02     46.68      0.11      0.00      3.80     49.39
19:20:36        all      0.02     47.43      0.15      0.01      2.87     49.52
19:30:21        all      0.02     47.43      0.19      0.00      2.85     49.49
19:40:31        all      0.02     46.39      0.17      0.01      3.99     49.41
19:50:36        all      0.02     47.74      0.23      0.00      2.47     49.54
20:00:01        all      0.02     47.21      0.19      0.01      3.06     49.51
20:10:29        all      0.02     47.05      0.16      0.01      3.20     49.56
20:20:36        all      0.02     46.08      0.18      0.01      4.26     49.45
20:30:21        all      0.02     47.41      0.19      0.00      2.83     49.55
20:40:27        all      0.02     47.50      0.20      0.00      2.73     49.55
20:50:17        all      0.02     46.85      0.18      0.01      3.43     49.51
21:00:02        all      0.03     47.55      0.18      0.01      2.72     49.52
21:10:35        all      0.03     42.84      0.16      0.02      7.83     49.12
21:20:08        all      0.05     45.20      0.21      0.01      5.27     49.25
21:30:19        all      1.56     45.48      1.28      0.03      6.20     45.45
21:40:06        all      0.03     46.29      0.36      0.01      3.84     49.47
21:50:04        all      0.04     47.67      0.48      0.02      2.59     49.21
22:00:01        all      2.26     49.16      5.29      2.77      6.04     34.48
22:10:02        all     16.51     54.37      1.18      0.41      7.92     19.61
22:20:35        all      3.56     46.67      0.30      0.01      4.16     45.30
22:30:17        all      0.17     48.24      0.44      0.00      2.01     49.14
22:40:31        all      0.28     58.34      3.87      0.10      4.07     33.34
22:50:04        all      0.19     53.78      4.66      0.13      4.58     36.65
23:00:01        all      0.16     52.25      7.15      0.13      5.77     34.53
23:10:30        all      0.09     48.84      5.75      0.13      8.60     36.60
23:20:29        all      0.12     51.04      6.19      0.29      5.93     36.43
23:30:20        all      0.10     51.07      6.25      0.15      5.62     36.81
23:40:01        all      0.10     53.14      6.44      0.12      3.32     36.88
23:50:03        all      0.26     48.68      5.57      0.18      8.04     37.26
00:00:02        all      0.05     52.84      7.25      0.13      4.56     35.17
Average:        all      0.22     27.55      0.54      0.04      2.16     69.49
Linux 7.0.0-34-generic ($NOX_LASTRO_HOST) 	10/04/26 	_x86_64_	(8 CPU)

00:00:02        CPU     %user     %nice   %system   %iowait    %steal     %idle
00:10:31        all      0.04     49.34      5.74      0.18      8.10     36.60
00:20:34        all      0.04     50.79      5.99      0.15      6.23     36.80
00:30:36        all      0.04     50.23      5.90      0.16      7.08     36.59
00:40:36        all      0.04     49.53      5.85      0.14      7.72     36.71
00:50:36        all      0.04     49.57      5.87      0.13      7.66     36.74
01:00:01        all      0.05     57.85     16.01      0.30     11.37     14.42
01:10:36        all      0.04     57.95     16.30      0.36     13.21     12.14
01:20:21        all      0.04     59.33     16.80      0.31     11.47     12.05
01:30:17        all      0.04     61.54     17.57      0.27      8.29     12.29
01:40:15        all      0.04     58.04     16.49      0.40     12.75     12.28
01:50:35        all      0.04     58.70     16.71      0.44     11.82     12.28
02:00:33        all      0.05     60.34     17.09      0.29      9.96     12.27
02:10:35        all      0.05     60.66     17.17      0.31      9.61     12.20
02:20:28        all      0.05     62.85     18.02      0.27      6.61     12.19
02:30:00        all      0.05     63.44     18.09      0.30      5.88     12.24
02:40:30        all      0.05     61.33     17.44      0.33      8.64     12.20
02:50:36        all      0.05     62.29     17.84      0.30      7.32     12.20
03:00:02        all      0.05     63.78     18.20      0.24      5.43     12.29
03:10:16        all      0.04     60.80     17.21      0.33      9.43     12.18
03:20:09        all      0.04     61.36     17.31      0.34      8.73     12.21
03:30:01        all      0.05     62.85     17.91      0.27      6.89     12.05
03:40:27        all      0.04     62.06     17.71      0.27      7.68     12.23
03:50:03        all      0.04     62.10     17.97      0.28      7.35     12.25
04:00:01        all      0.05     63.27     18.27      0.26      5.92     12.23
04:10:33        all      0.04     57.20     16.14      0.34     14.10     12.18
04:20:35        all      0.05     57.09     16.19      0.25     14.36     12.05
04:30:10        all      3.08     54.82     15.74      0.22     18.06      8.07
04:40:19        all      0.05     57.09     16.28      0.23     14.16     12.19
04:50:36        all      0.05     57.11     16.41      0.20     13.93     12.29
05:00:01        all      0.05     57.07     16.61      0.20     13.77     12.30
05:10:02        all      0.06     42.11     12.05      0.22     33.37     12.20
05:20:23        all      0.05     38.13     10.82      0.22     38.88     11.90
05:30:32        all      0.04     38.16     10.88      0.20     38.52     12.18
05:40:12        all      0.05     38.20     10.93      0.23     38.48     12.12
05:50:36        all      0.05     38.42     10.97      0.22     38.21     12.14
06:00:02        all      0.05     38.37     10.99      0.24     38.26     12.09
06:10:03        all      0.05     24.16      6.90      0.24     56.82     11.83
06:20:36        all      0.07     19.03      5.42      0.24     64.33     10.90
06:30:21        all      0.05     19.02      5.41      0.23     63.51     11.78
06:40:36        all      0.05     18.99      5.43      0.27     63.54     11.72
06:50:19        all      0.05     19.05      5.46      0.26     63.45     11.74
07:00:01        all      0.04     19.06      5.51      0.19     63.45     11.76
07:10:17        all      0.04      8.44      1.70      0.12     58.13     31.58
07:20:36        all      0.03      4.63      0.06      0.06     48.96     46.25
07:30:03        all      0.03      4.60      0.08      0.06     49.30     45.94
07:40:03        all      0.18      4.20      0.47      0.15     58.10     36.90
07:50:25        all      0.20      3.31      0.82      0.33     73.46     21.88
08:00:02        all      0.18      3.64      0.70      0.27     68.33     26.88
08:10:01        all      0.09      4.07      0.50      0.28     62.75     32.29
08:20:07        all      0.20      3.92      0.58      0.27     66.29     28.75
08:30:02        all      0.09      3.84      1.70      0.60     92.01      1.77
08:40:11        all      0.06      3.76      1.30      0.45     93.87      0.57
Average:        all      0.11     40.85     10.74      0.26     30.53     17.51
